2001057
2001192
2002112
2002124
2002136
2002231
2002565
2003053
2003054
2003055
2003056
2003057
2003058
2003059
2003060
2003061
2003062
2003063
2003064
2003077
2003078
2003079
2003080
2003081
2003082
2003083
2003084
2003085
2003087
2003088
2003089
2003150
2003151
2003152
2003153
2003155
2003156
2005041
2005073
2005075
2005077
2005403
2006031
2006166
2006167
2006168
2006169
2006170
2006173
2006174
2006175
2006176
2006979
2007052
2007965
2008085
2008086
2008401
2008518
2008530
2008596
2008756
2008804
2008810
2008811
2008813
2008816
2008821
2008840
2008872
2008916
2008966
2009002
2009010
2009017
2009019
2010922
2011088
2011089
2011090
2011091
2011092
2011093
2011367
2011368
2011370
2011372
2011375
2011381
2011382
2011387
2011389
2011391
2011393
2011394
2012256
2012519
2012532
2012534
2012535
2012537
2012538
2012539
2012540
2012541
2012542
2012543
2012544
2012545
2013390
2016870
2016889
2019585
2019586
2019587
2019588
2019590
2019591
2019592
2019593
2019594
2019595
2019596
2019597
2019598
2019599
2019600
2019601
2019602
2019603
2019604
2019605
2019665
2019667
2019669
2019670
2019671
2019672
2019673
2019674
2019675
2019676
2019677
2019678
2019679
2019680
2019681
2019682
2019683
2019684
2019881
2019882
2019883
2019884
2019885
2019886
2019888
2019889
2019890
2019891
2019892
2019893
2019894
2019895
2019896
2019900
2019901
2019902
2019903
2019904
2019905
2019906
2019907
2019908
2019909
2019910
2019912
2020208
2020209
2020210
2020211
2020212
2020213
2020214
2020215
2020216
2020217
2020218
2020219
2020220
2020228
2020229
2020235
2020237
2020238
2020239
2020241
2020242
2020243
2020244
2020245
2020246
2020247
2020248
2020249
2020250
2020251
2020252
2020253
2020255
2020256
2020257
2020302
2020304
2020305
2020306
2020307
2020315
2020316
2020317
2020318
2020319
2020321
2020322
2020323
2020324
2020327
2020328
2020333
2020335
2020339
2020343
2020344
2020346
2020348
2020349
2020350
2020351
2020352
2020353
2021071
2021072
2021073
2021074
2021075
2021076
2021077
2021078
2021079
2021080
2021081
2021082
2021086
2021337
2021363
2021364
2021366
2021439
2021440
2021507
2021509
2021510
2021513
2021518
2021523
2021532
2021534
2021549
2021550
2021565
2021581
2022428
2022429
2022430
2022431
2022433
2022434
2022435
2022436
2022437
2022438
2022439
2022465
2022466
2022467
2022468
2022469
2022470
2022471
2022472
2022474
2022475
2023297
2023359
2023361
2023362
2023364
2023366
2023367
2023369
2023371
2023374
2023379
2023383
2023665
2023666
2023667
2023668
2023669
2023670
2023671
2023672
2023673
2023674
2023675
2023676
2023705
2023706
2023707
2023708
2023709
2023710
2023711
2023712
2023713
2023714
2023715
2023716
2023742
2023743
2023747
2023748
2023752
2023781
2023782
2023819
2023826
2023829
2023830
2023831
2023832
2023833
2023834
2023835
2023836
2023837
2023838
2023839
2023840
2023975
2023991
2023992
2023993
2023994
2023995
2023996
2023997
2023998
2023999
2024220
2024222
2024225
2024226
2024247
2024248
2024251
2024252
2024253
2024254
2024255
2024256
2024257
2024258
2024493
2024763
2024817
2024823
2024993
2025651
2025657
2027592
2027593
2027594
2027595
2027596
2027597
2027598
2027798
2027801
2029258
2029501
2030926
2045849
2063788
2063795
2063936
2063938
2063943
2063944
2063949
2063961
2063972
2063985
2063995
2065432
2065433
2065434
2065435
2065436
2065437
2065438
2065439
2065440
2065441
2065442
2065443
2065444
2065445
2066149
2066151
2072328
2091004
2091177
2091180
2091353
2091356
2091529
2091532
2091705
2091706
2091709
2091711
2091712
2091713
2091715
2091716
2091721
2091722
2091724
2091725
2091727
2091731
2091737
2091738
2091740
2091741
2091746
2091747
2091749
2091750
2091752
2091753
2091755
2091756
2091757
2091759
2091760
2091765
2091766
2091768
2091769
2091771
2091775
2091781
2091782
2091784
2091785
2091790
2091791
2091793
2091794
2091796
2091799
2091800
2091801
2091803
2091804
2091809
2091810
2091812
2091813
2091815
2091819
2091825
2091826
2091828
2091829
2091834
2091835
2091837
2091838
2091840
2091841
2091843
2091844
2091845
2091847
2091848
2091853
2091854
2091856
2091857
2091859
2091863
2091869
2091870
2091872
2091873
2091878
2091879
2091881
2091884
2092057
2092060
2001180
2001181
2001182
2001183
2001184
2001185
2001186
2001187
2001188
2001189
2001190
2001191
2002990
2003154
2004417
2004418
2004420
2004422
2004427
2004439
2005060
2007052
2007888
2007889
2007890
2007891
2007893
2007894
2007895
2007896
2007898
2007899
2007900
2007901
2008806
2008813
2008827
2008849
2008858
2009063
2009065
2009067
2009068
2009069
2009071
2009075
2009076
2009077
2009079
2009081
2009083
2009088
2009089
2009090
2009091
2009092
2009094
2009095
2009096
2009097
2009794
2009851
2009855
2009856
2009857
2009865
2009869
2009871
2009872
2009873
2009876
2009877
2009878
2009879
2009880
2009881
2009882
2009883
2009884
2009885
2009886
2009887
2009888
2010922
2011380
2019887
2020225
2020311
2021040
2021094
2021098
2021107
2021108
2021109
2021110
2021111
2021113
2021114
2021115
2021116
2021117
2021136
2021142
2021350
2021353
2021355
2021358
2021359
2021360
2021361
2021371
2021435
2021436
2021438
2021439
2021440
2021512
2021532
2021535
2021541
2021547
2022596
2022603
2022604
2022605
2022606
2022607
2022608
2022609
2022655
2022657
2022685
2022686
2022687
2022692
2022926
2022927
2022931
2022932
2023153
2023372
2023373
2023473
2023543
2023551
2023630
2023649
2023693
2023694
2023695
2023696
2023697
2023698
2023699
2023700
2023701
2023702
2023703
2023704
2023730
2023731
2023732
2023733
2023734
2023735
2023736
2023737
2023738
2023739
2023740
2023741
2023744
2023745
2023746
2023749
2023753
2023779
2023780
2023783
2023784
2023785
2023786
2023787
2023788
2023789
2023790
2023794
2023795
2023817
2023818
2023820
2023821
2023822
2023823
2023824
2023825
2023827
2023828
2023928
2023941
2023947
2023965
2023966
2023967
2023968
2023969
2023970
2023971
2023972
2023973
2023974
2023976
2023989
2024223
2024224
2024227
2024228
2024229
2024230
2024231
2024232
2024233
2024234
2024237
2024238
2024488
2024491
2024492
2025689
2027334
2027336
2027337
2027339
2027340
2027344
2027345
2027349
2027353
2027354
2027356
2027357
2027359
2027360
2027361
2027362
2027363
2027366
2027367
2027372
2027379
2027380
2027381
2027382
2027383
2027384
2027385
2027505
2027508
2027513
2027516
2027517
2027520
2027521
2027522
2027524
2027525
2027527
2027528
2027529
2027573
2027574
2027575
2027576
2027577
2027578
2027579
2027580
2027581
2027582
2027584
2027585
2027588
2027589
2027590
2027774
2027781
2027785
2051294
2051296
2051297
2051299
2051303
2051308
2051309
2051311
2051312
2051313
2051315
2051316
2051320
2055123
2055145
2055147
2055166
2055475
2058916
2061141
2061153
2061154
2061157
2061168
2061171
2063780
2065149
2065171
2065172
2065173
2065175
2065176
2065193
2065195
2065196
2065216
2065217
2065218
2065219
2065432
2065433
2065434
2065435
2065437
2065438
2065440
2065443
2066167
2072329
2072726
2091000
2091001
2091002
2091007
2091011
2091018
2091023
2091046
2091048
2091051
2091052
2091058
2091062
2091067
2091090
2091095
2091106
2091111
2091134
2091139
2091150
2091155
2091176
2091178
2091187
2091221
2091352
2091353
2091354
2091357
2091361
2091363
2091364
2091369
2091372
2091373
2091379
2091385
2091386
2091388
2091389
2091394
2091395
2091397
2091398
2091401
2091405
2091407
2091408
2091413
2091416
2091417
2091423
2091429
2091430
2091432
2091433
2091438
2091439
2091441
2091442
2091449
2091451
2091452
2091457
2091460
2091461
2091467
2091473
2091474
2091476
2091477
2091482
2091483
2091485
2091486
2091489
2091493
2091495
2091496
2091501
2091504
2091505
2091511
2091517
2091518
2091520
2091521
2091526
2091527
2091528
2091530
2091539
2091573
2091704
2091705
2091706
2091713
2091715
2091716
2091721
2091724
2091725
2091731
2091737
2091738
2091740
2091741
2091746
2091747
2091880
2091882
2091891
2091925
2092056
2092058
2092067
2092101
2008804
2008821
2008840
2008849
2008858
2023111
2023174
2023234
2023258
2023291
2051295
2065153
2065174
2065215
2066147
2066150
2072727
2091014
2091058
2091190
2091366
2091542
2091718
2091762
2091806
2091850
2091894
2092070
2066152
2066159
2066166
2072784
