2013520
2013524
2013518
2001390
2013522
2013517
2012379
2013523
2013519
2013521
2002414
2008909
2001900
2006305
2011900
2013568
2066175
2001054
2011054
2013565
2055027
2013566
2013564
2013562
2013561
2012153
2001762
2013546
2013544
2001763
2001564
2001565
2001566
2011564
2011565
2011566
2029004
2029003
2013053
2012194
2005377
2002912
2002401
2002402
2002365
2005413
2012211
2036008
2007380
2007381
2007382
2007384
2013530
2003316
2013529
2013528
2002308
2012199
2013513
2001376
2011376
2013511
2013512
2005368
2006028
2009312
2001120
2001062
2014370
2013733
2013731
2013732
2007027
2003147
2001061
2002045
2002315
2002314
2002313
2020878
2003190
2003192
2003191
2004945
2004947
2004948
2004946
2004941
2004942
2004943
2004944
2013581
2001370
2001371
2002317
2005374
2019610
2013586
2001369
2013585
2005066
2013587
2019611
2013582
2013584
2013583
2013580
2013386
2057400
2055032
2013571
2013554
2013556
2013868
2013947
2013514
2012281
2012166
2012165
2013516
2006356
2013506
2012238
2013501
2013507
2010110
2010111
2010112
2010113
2010114
2002388
2001048
2041000
2040999
2014640
2001056
2011056
2013591
2001570
2001571
2001572
2013590
2011598
2011570
2001431
2011431
2010071
2012217
2013525
2013527
2001444
2013526
2013697
2001438
2001530
2001529
2013551
2005526
2014367
2054017
2014369
2013573
2014106
2014105
2007106
2001764
2001765
2001437
2014100
2007105
2013538
2019687
2019686
2019685
2001731
2013541
2013941
2012259
2013540
2005415
2001430
2013314
2013515
2023359
2002175
2002177
2002176
2002386
2001055
2013502
2012076
2013508
2012189
2013229
2001316
2013543
2001050
2001051
2013542
2013505
2013572
2007041
2013593
2008402
2013592
2001307
2011307
2013594
2010171
2013550
2012208
2013549
2013548
2001057
2011057
2012209
2008732
2002140
2002914
2013537
2007321
2012187
2013536
2013533
2054033
2054034
2054027
2054028
2054035
2054029
2054039
2054036
2054037
2054030
2054031
2054038
2054032
2013534
2013535
2054022
2003315
2005504
2007836
2013552
2013595
2013596
2013598
2013597
2002905
2002906
2002907
2002902
2002903
2002904
2005417
2063117
2063118
2063129
2010133
2011603
2011623
2063091
2063103
2063098
2063105
2063107
2063108
2006364
2010194
2002387
2004173
2004178
2004180
2004176
2004177
2004179
2004175
2004174
2013509
2007506
2007505
2055273
2004185
2004187
2004183
2004182
2004186
2004184
2004181
2004188
2003097
2054024
2013559
2013558
2012254
2012344
2010132
2013560
2063050
2063051
2010130
2010131
2003144
2003145
2003146
2003140
2003141
2003142
2003143
2004921
2004924
2004922
2004923
2004156
2004154
2004153
2004155
2006342
2006341
2004925
2004926
2009427
2002358
2002359
2002357
2001356
2014341
2006329
2006334
2002351
2002350
2001355
2003318
2003317
2002366
2002364
2006360
2006361
2006363
2006362
2004159
2004157
2004158
