2007827
2007828
2007829
2007830
2007831
2048045
2013577
2005120
2005128
2005130
2012674
2005131
2048046
2048047
2048048
2048049
2004190
2005146
2005141
2005142
2005140
2005145
2005121
2005122
2005123
2005124
2005125
2005126
2004193
2004194
2004191
2004192
2014784
2004971
2004973
2004975
2004969
2004989
2004985
2004987
2004990
2004968
2004974
2004972
2004970
2024767
2004984
2004988
2004991
2004986
2004267
2012873
2012407
2004266
2012443
2004199
2004263
2004264
2004265
2004262
2004260
2004261
2005728
2005727
2019964
2005723
2012940
2012978
2062202
2062192
2012953
2052009
2062197
2020476
2006471
2062200
2062206
2062195
2012889
2059526
2062196
2062199
2068299
2018976
2020072
2012448
2060191
2062204
2019955
2062194
2062201
2062205
2012750
2019953
2020542
2012970
2001678
2010651
2005143
2055025
2012863
2012981
2004983
2004980
2004982
2004981
2048043
2062198
2062193
2062203
2004976
2004979
2004977
2005144
2019958
2012672
2004195
2019954
2010652
2061180
2061194
2061195
2055192
2054008
2058003
2006551
2014339
2020450
2014370
2020544
2020440
2020478
2020483
2029005
2010133
2001573
2014383
2010099
