2001086
2001935
2001947
2001971
2005127
2005132
2006027
2007052
2007324
2012467
2012870
2012874
2012886
2012901
2012902
2012903
2012904
2021185
2021552
2021553
2021554
2048010
2048013
2048061
2054025
2065242
2069311
2091735
2091779
2091823
2091867
2005133
2005134
2005135
2006027
2007052
2009282
2009284
2009285
2011884
2021197
2021555
2021558
2021559
2021560
2023377
2023957
2065132
2091383
2091427
2091471
2091515
2091735
2006027
2007052
2008958
2008971
2008972
2065238
2065239
2091708
2006027
2007052
2065150
2065151
2006027
2007052
2006027
2007052
2006027
2007052
2006027
2007052
2006027
2007052
2006027
2007052
2006027
2007052
2006027
2007052
