2002756
2003470
2003475
2003664
2003673
2003674
2003922
2003923
2003924
2003925
2003926
2006088
2006177
2007794
2007960
2007961
2007962
2007963
2007964
2008818
2009242
2012623
2019719
2021565
2029696
2029802
2029805
2029808
2029811
2029814
2029820
2029824
2030177
2030179
2030180
2030181
2030182
2030183
2030184
2030185
2030186
2030187
2030188
2030652
2030657
2030712
2030713
2030714
2030715
2030716
2030717
2030718
2030719
2030720
2030721
2030722
2030723
2030856
2032300
2048124
2048129
2057007
2091743
2091787
2091788
2091831
2091875
2003463
2003478
2003924
2003926
2006075
2006093
2006171
2006185
2006186
2006268
2010760
2010761
2010762
2012533
2021565
2022432
2022476
2022903
2024249
2029824
2029835
2091391
2091435
2091436
2091479
2091523
2091744
2091787
2006087
2006158
2022440
2022473
2055354
