2063170
2031837
2063168
2006267
2006159
2006222
2006184
2006275
2007777
2029860
2029861
2007398
2029859
2005984
2029858
2003884
2029879
2029878
2029876
2029880
2029877
2029890
2006516
2029857
2029864
2030870
2030867
2030866
2007498
2002453
2002452
2002454
2002455
2002456
2002457
2002459
2030854
2030857
2085054
2007812
2030879
2030877
2026054
2052911
2029810
2029813
2029807
2029804
2007286
2007296
2007290
2007292
2007288
2007294
2003675
2003452
2005545
2005557
2005550
2007183
2007193
2007187
2007189
2007185
2007191
2003927
2008495
2008496
2002878
2005558
2003495
2008412
2008409
2008411
2008410
2008413
2003658
2003659
2003456
2003466
2003465
2005966
2005544
2005995
2005580
2005574
2005575
2006186
2003453
2029827
2005543
2003489
2003496
2029897
2032170
2032189
2019842
2028771
2009721
2007778
2003958
2003952
2003951
2003949
2003946
2003947
2003948
2003723
2003724
2003725
2003726
2003727
2003728
2003729
2003794
2003793
2003789
2003791
2003788
2003792
2003790
2003965
2003964
2003960
2003962
2003959
2003966
2003963
2003961
2003928
2003929
2003931
2003930
2003910
2003932
2003742
2003741
2003737
2003739
2003736
2003740
2003738
2003769
2003770
2003771
2003772
2003773
2003774
2003957
2003954
2003956
2003955
2003950
2003953
2003730
2003731
2003732
2003733
2003734
2003735
2003690
2003691
2003692
2003693
2003694
2003695
2003696
2003715
2003710
2003713
2003711
2003716
2003714
2003712
2003755
2003754
2003749
2003752
2003750
2003753
2003751
2003909
2003908
2003898
2003900
2003907
2003899
2003897
2003996
2003993
2003997
2003994
2003995
2003992
2003697
2003698
2003699
2003700
2003701
2003702
2003977
2003973
2003975
2003972
2003976
2003974
2003782
2003783
2003784
2003785
2003786
2003787
2003941
2003942
2003944
2003943
2003940
2003945
2003939
2003938
2003934
2003936
2003933
2003935
2003744
2003745
2003747
2003748
2003743
2003746
2003795
2003796
2003797
2003798
2003799
2003800
2003762
2003763
2003764
2003765
2003766
2003767
2003768
2003757
2003758
2003760
2003756
2003761
2003759
2003985
2003986
2003987
2003988
2003989
2003990
2003991
2003978
2003980
2003981
2003983
2003982
2003979
2003984
2003967
2003969
2003968
2003970
2003971
2003721
2003720
2003718
2003719
2003722
2003717
2003775
2003776
2003777
2003778
2003779
2003780
2003781
2003684
2003685
2003686
2003687
2003688
2003689
2003703
2003704
2003705
2003706
2003707
2003708
2003709
2008364
2085058
2013574
2013575
2007375
2007376
2007377
2007379
2008915
