2009599
2054435
77631
77640
52911
1052911
2052911
57054
1057054
2057054
18398
1018398
2018398
18609
1018609
2018609
9955
1009955
2009955
20076
1020076
2020076
62863
1062863
2062863
62880
1062880
2062880
52952
1052952
2052952
52962
1052962
2052962
19839
1019839
2019839
19092
1019092
2019092
61025
1061025
2061025
67742
1067742
2067742
62581
1062581
2062581
64067
1064067
2064067
64031
1064031
2064031
48147
1048147
2048147
62627
1062627
2062627
62649
1062649
2062649
52347
1052347
2052347
52348
1052348
2052348
50003
1050003
2050003
48136
1048136
2048136
57400
1057400
2057400
57405
1057405
2057405
60321
1060321
2060321
60332
1060332
2060332
12665
1012665
2012665
16576
1016576
2016576
