2080027
2080028
2080029
2080026
2015807
2002418
2015984
2016249
2016250
2016251
2016252
2032800
2016254
2016256
2028240
2053513
2059996
2059997
2015790
2016255
2016257
2032106
2032107
2032108
2032109
2028241
2028242
2028243
2050003
2028237
2028239
2077503
2077501
2077504
2077502
2077500
2077505
2028238
2028235
2009321
2028745
2061025
2009104
2013576
2031495
2063063
2063079
2051096
2055016
2051095
2008863
2008865
2008871
2055423
2035001
2035002
2035003
2035004
2035005
2035006
2035007
2035008
2035009
2035010
2035011
2035012
2035013
2035014
2035015
2035016