2007052
2008086
2008763
2008790
2008796
2008877
2009815
2009817
2009821
2009823
2009824
2009866
2009889
2009949
2009950
2011144
2011172
2011173
2011193
2011196
2011308
2011309
2011434
2011440
2011441
2011447
2011450
2011620
2011876
2012637
2012663
2012816
2013553
2013626
2013627
2015637
2015758
2015788
2015986
2015998
2016247
2016725
2016763
2016769
2016777
2016787
2019026
2019027
2019545
2019546
2019838
2020000
2020032
2020433
2020434
2027346
2027347
2027350
2028275
2029596
2029597
2029598
2029627
2029995
2029996
2029997
2029998
2030178
2030785
2030843
2030851
2030898
2030905
2030913
2047645
2047647
2047652
2047654
2048126
2048130
2051069
2051070
2051071
2051072
2051073
2051074
2051075
2051076
2051077
2051078
2051079
2051080
2051081
2051082
2051083
2051084
2051085
2051086
2051087
2051088
2051089
2051426
2051427
2051428
2051432
2051433
2051434
2051435
2055009
2055010
2055011
2055012
2055013
2055014
2055015
2055401
2055402
2055403
2055404
2055405
2055406
2055407
2055501
2055502
2055503
2055504
2055505
2055506
2055507
2061165
2061169
2061170
2063032
2063033
2063034
2063040
2063077
2063078
2063087
2063748
2063765
2063780
2063781
2063785
2063788
2063791
2063793
2063795
2063796
2065723
2069911
2098390
2098394
2098398
2098402
2006027
2007052
2008974
2009806
2009808
2009820
2009833
2009908
2009944
2011141
2011142
2011180
2011195
2011281
2011302
2011303
2011432
2011446
2011449
2011575
2011597
2011598
2012598
2012666
2013603
2013618
2013619
2015764
2015767
2015782
2015999
2016717
2016775
2016783
2016811
2019000
2019021
2019443
2019445
2019837
2020422
2020427
2020428
2028574
2028583
2029629
2029666
2030397
2030468
2030668
2030848
2030920
2030949
2031299
2032211
2045283
2047648
2047651
2047655
2058795
2058878
2058913
2058918
2063182
2063198
2063397
2063412
2063513
2063528
2063631
2063656
2063740
2063751
2063763
2063798
2065154
2066148
2072106
2072422
2072718
2098358
2098362
2098366
2098370
2098390
2006027
2007052
2009629
2009814
2011138
2011177
2011429
2011443
2012595
2012629
2015770
2015985
2016693
2016761
2019440
2020073
2028581
2029038
2029689
2030469
2030669
2030733
2030814
2030903
2030911
2030918
2030928
2030935
2030947
2030956
2031534
2031548
2047642
2058797
2058808
2058866
2058912
2058914
2058923
2058924
2058984
2063199
2063200
2063201
2063355
2063422
2063473
2063529
2063530
2063599
2063645
2063703
2063704
2065152
2072107
2072422
2072428
2072775
2006027
2007052
2030699
2030786
2030899
2072726
2072762
2072775
2072832
2006027
2007052
2072783
2072819
2006027
2007052
2009678
2006027
2006027
2007052
2006027
2002087
