2009814
2011172
2011440
2012629
2015758
2016761
2019545
2009817
2011177
2011443
2015761
2016769
2019548
2009811
2011159
2011437
2012626
2015751
2016755
2019448
2009628
2011136
2011428
2012594
2015119
2016691
2019439
2009826
2011198
2011499
2013557
2015770
2016795
2020073
2009823
2011195
2011449
2013545
2015767
2016783
2020000
2009808
2011144
2011434
2012623
2015637
2016725
2019445
2009832
2011280
2011549
2013589
2015776
2016809
2020152
2031915
2031916
2031917
2031918
2031919
2031920
2031921
2065529
2055501
2055502
2055503
2055504
2055505
2055506
2055507
2009820
2011180
2011446
2012666
2015764
2016775
2019837
2009829
2011273
2011518
2013569
2015773
2016801
2020077
2009805
2011140
2011431
2012597
2015474
2016711
2019442
2009949
2011308
2011620
2013626
2015788
2019026
2020433
2009908
2011302
2011597
2013618
2015782
2019000
2020427
2009835
2011283
2011577
2013613
2015779
2016815
2020424
2009946
2011305
2011600
2013622
2015785
2019023
2020430
2009950
2011309
2011876
2013627
2019027
2020434
2047654
2009944
2011303
2011598
2013619
2019021
2020428
2047655
2001254
2009947
2011306
2011618
2013623
2019024
2020431
2047653
2068080
2009836
2011298
2011578
2013614
2016931
2020425
2047656
2009824
2011196
2011450
2013553
2016787
2020032
2047652
2009833
2011281
2011575
2013603
2016811
2020422
2047651
2009809
2011146
2011435
2012624
2016727
2019446
2047650
2009821
2011193
2011447
2012816
2016777
2019838
2047647
2009806
2011141
2011432
2012598
2016717
2019443
2047648
2055508
2055509
2055510
2055511
2055512
2055513
2055514
2009830
2011278
2011529
2013579
2016803
2020078
2047649
2009629
2011138
2011429
2012595
2016693
2019440
2047642
2009827
2011199
2013563
2016797
2020074
2032012
2047646
2009815
2011173
2011441
2012637
2016763
2019546
2047645
2009812
2011163
2011438
2012627
2016757
2019449
2047644
2009818
2011178
2011444
2012664
2016771
2019549
2047643
2029599
2029596
2029598
