2001179
2001198
2001199
2002567
2006814
2006816
2006817
2006823
2006825
2006827
2006830
2006835
2006838
2006979
2009599
2023940
2024806
2024818
2024830
2024842
2024854
2024989
2026999
2029251
2029252
2029253
2029254
2029255
2029256
2029257
2029259
2029260
2029261
2029262
2029263
2029264
2029265
2029266
2029268
2029269
2029270
2029271
2029272
2029275
2029500
2029506
2029508
2029509
2029510
2029511
2029512
2045237
2045247
2045250
2048125
2051429
2051436
2065197
2009280
2009844
2009845
2009850
2023629
2024760
2045259
2045280
2052952
2065194
2065436
2065439
2065441
2065442
2065444
2065445
2009287
2023644
2024250
2052962
2055359
2065152
2065237
2065436
2065439
2065441
2065442
2065444
2065154
2065240
