2025110
2028514
2022816
2022817
2011635
2011589
2026040
2030162
2025278
2030265
2030131
2030133
2030132
2030134
2030268
2030162
2030163
2030164
2005833
2027320
2005834
2005835
2030369
2001465
2030502
2008895
2031519
2002612
2031518
2002611
2031515
2002610
2031517
2031516
2030164
2025370
2025371
2025372
2025373
2025374
2025375
2025376
2025412
2025413
2025414
2025415
2025416
2025417
2025418
2025053
2025384
2025385
2025386
2025387
2025388
2025389
2025390
2025024
2025054
2025051
2025440
2025441
2025442
2025443
2025444
2025445
2025446
2025023
2025022
2025030
2025033
2025363
2025364
2025365
2025366
2025367
2025368
2025369
2031520
2031524
2031521
2031523
2031522
2025398
2025399
2025400
2025401
2025402
2025403
2025404
2025377
2025378
2025379
2025380
2025381
2025382
2025383
2025106
2001721
2025858
2025857
2025433
2025434
2025435
2025436
2025437
2025438
2025439
2025029
2025028
2025419
2025420
2025421
2025422
2025423
2025424
2025425
2005439
2005440
2005441
2005442
2005443
2005444
2005445
2001713
2001720
2025056
2055310
2055311
2055312
2055313
2055314
2055315
2055316
2025083
2025071
2025070
2025426
2025427
2025428
2025429
2025430
2025431
2025432
2025405
2025406
2025407
2025408
2025409
2025410
2025411
2025349
2025350
2025351
2025352
2025353
2025354
2025355
2025078
2025049
2025048
2025391
2025392
2025393
2025394
2025395
2025396
2025397
2025062
2025061
2001719
2025356
2025357
2025358
2025359
2025360
2025361
2025362
2025027
2025026
2001867
2031528
2031526
2031527
2031525
2031529
2002612
2002611
2031528
2031526
2031527
2031525
2031529
2002612
2002611
2002610
2031528
2031526
2031527
2031525
2031529
2031161
2031162
2031163
2031164
2031165
2031166
2031167
2031119
2031120
2031121
2031122
2031123
2031124
2031125
2031105
2031106
2031107
2031108
2031109
2031110
2031111
2030388
2030393
2031126
2031127
2031128
2031129
2031130
2031131
2031132
2031154
2031155
2031156
2031157
2031158
2031159
2031160
2012558
2031140
2031141
2031142
2031143
2031144
2031145
2031146
2030391
2030396
2012559
2031182
2031183
2031184
2031185
2031186
2031187
2031188
2030387
2030392
2031189
2031190
2031191
2031192
2031193
2031194
2031195
2005446
2005447
2005448
2005449
2005450
2005451
2005452
2029647
2029645
2029648
2031175
2031176
2031177
2031178
2031179
2031180
2031181
2012552
2012553
2012554
2031112
2031113
2031114
2031115
2031116
2031117
2031118
2031168
2031169
2031170
2031171
2031172
2031173
2031174
2031098
2031099
2031100
2031101
2031102
2031103
2031104
2031147
2031148
2031149
2031150
2031151
2031152
2031153
2055324
2055325
2055326
2055327
2055328
2055329
2055330
2001727
2029050
2030390
2030389
2030394
2030395
2012556
2012557
2031133
2031134
2031135
2031136
2031137
2031138
2031139
2031020
2031019
2031018
2031017
2031016
2031015
2031014
2031027
2031026
2031025
2031024
2031023
2031022
2031021
2031090
2031089
2031088
2031087
2031086
2031085
2031084
2031049
2031055
2031050
2031051
2031053
2031052
2031054
2031000
2031001
2031002
2031003
2031004
2031005
2031006
2031034
2031033
2031032
2031031
2031030
2031029
2031028
2055323
2055322
2055321
2055320
2055319
2055318
2055317
2001422
2001691
2031076
2031075
2031074
2031073
2031072
2031071
2031070
2031041
2031040
2031039
2031038
2031037
2031036
2031035
2031083
2031082
2031081
2031080
2031079
2031078
2031077
2031091
2031097
2031092
2031093
2031095
2031094
2031096
2031069
2031068
2031067
2031066
2031065
2031064
2031063
2001175
2001176
2001177
2001199
2031048
2031047
2031046
2031045
2031044
2031043
2031042
2031062
2031061
2031060
2031059
2031058
2031057
2031056
2001690
2005453
2005454
2005455
2005456
2005457
2005458
2005459
2031007
2031008
2031009
2031010
2031011
2031012
2031013
2030272
2030056
2030008
2030020
2030027
2025019
2030029
2030052
2030051
2030041
2030049
2001324
2001325
2001224
2001209
2001223
2001208
2001207
2003190
2029485
2029486
2031466
2031468
2031467
2031465
2031463
2031464
2031460
2031461
2031462
2031472
2031469
2031470
2031471
2024877
2001705
2001700
2008950
2029685
2029686
2029687
2027310
2027261
2024070
2002573
2002575
2002574
2015935
